NACA 0012
 1.00000     0.00126
 0.99676     0.00171
 0.99149     0.00245
 0.98569     0.00325
 0.97935     0.00412
 0.97251     0.00505
 0.96521     0.00604
 0.95751     0.00707
 0.94950     0.00813
 0.94125     0.00922
 0.93282     0.01031
 0.92425     0.01141
 0.91559     0.01252
 0.90687     0.01362
 0.89810     0.01471
 0.88930     0.01580
 0.88048     0.01688
 0.87164     0.01795
 0.86279     0.01901
 0.85393     0.02006
 0.84506     0.02110
 0.83619     0.02213
 0.82732     0.02316
 0.81844     0.02417
 0.80956     0.02517
 0.80068     0.02616
 0.79180     0.02713
 0.78292     0.02810
 0.77403     0.02906
 0.76514     0.03001
 0.75626     0.03095
 0.74737     0.03188
 0.73848     0.03279
 0.72959     0.03370
 0.72070     0.03460
 0.71182     0.03548
 0.70293     0.03635
 0.69404     0.03722
 0.68515     0.03807
 0.67627     0.03891
 0.66738     0.03974
 0.65850     0.04055
 0.64962     0.04136
 0.64074     0.04215
 0.63186     0.04293
 0.62299     0.04370
 0.61412     0.04446
 0.60525     0.04520
 0.59638     0.04593
 0.58751     0.04665
 0.57865     0.04735
 0.56980     0.04804
 0.56094     0.04871
 0.55209     0.04937
 0.54325     0.05001
 0.53441     0.05064
 0.52557     0.05126
 0.51674     0.05185
 0.50791     0.05243
 0.49909     0.05300
 0.49028     0.05354
 0.48147     0.05407
 0.47267     0.05458
 0.46387     0.05507
 0.45508     0.05554
 0.44630     0.05600
 0.43753     0.05643
 0.42876     0.05684
 0.42001     0.05723
 0.41126     0.05759
 0.40252     0.05794
 0.39380     0.05826
 0.38508     0.05855
 0.37637     0.05882
 0.36768     0.05907
 0.35900     0.05929
 0.35033     0.05948
 0.34167     0.05964
 0.33303     0.05978
 0.32440     0.05989
 0.31579     0.05996
 0.30720     0.06001
 0.29862     0.06002
 0.29006     0.06000
 0.28153     0.05994
 0.27301     0.05985
 0.26452     0.05972
 0.25605     0.05955
 0.24760     0.05935
 0.23918     0.05911
 0.23080     0.05882
 0.22244     0.05849
 0.21412     0.05812
 0.20584     0.05770
 0.19760     0.05723
 0.18940     0.05672
 0.18126     0.05616
 0.17317     0.05554
 0.16514     0.05488
 0.15718     0.05416
 0.14930     0.05338
 0.14151     0.05255
 0.13382     0.05166
 0.12625     0.05072
 0.11882     0.04972
 0.11154     0.04866
 0.10444     0.04756
 0.09754     0.04641
 0.09088     0.04521
 0.08447     0.04398
 0.07835     0.04273
 0.07253     0.04145
 0.06704     0.04016
 0.06187     0.03886
 0.05704     0.03758
 0.05253     0.03630
 0.04835     0.03504
 0.04446     0.03380
 0.04087     0.03258
 0.03753     0.03139
 0.03445     0.03022
 0.03159     0.02907
 0.02894     0.02794
 0.02647     0.02684
 0.02418     0.02575
 0.02205     0.02469
 0.02007     0.02363
 0.01821     0.02259
 0.01648     0.02157
 0.01487     0.02055
 0.01336     0.01954
 0.01194     0.01854
 0.01063     0.01754
 0.00940     0.01654
 0.00825     0.01554
 0.00719     0.01455
 0.00620     0.01355
 0.00529     0.01255
 0.00445     0.01155
 0.00369     0.01054
 0.00300     0.00953
 0.00238     0.00852
 0.00184     0.00750
 0.00137     0.00648
 0.00097     0.00547
 0.00064     0.00445
 0.00038     0.00344
 0.00019     0.00244
 0.00007     0.00145
 0.00001     0.00048
 0.00001    -0.00048
 0.00007    -0.00145
 0.00019    -0.00244
 0.00038    -0.00344
 0.00064    -0.00445
 0.00097    -0.00547
 0.00137    -0.00648
 0.00184    -0.00750
 0.00238    -0.00852
 0.00300    -0.00953
 0.00369    -0.01054
 0.00445    -0.01155
 0.00529    -0.01255
 0.00620    -0.01355
 0.00719    -0.01455
 0.00825    -0.01554
 0.00940    -0.01654
 0.01063    -0.01754
 0.01194    -0.01854
 0.01336    -0.01954
 0.01487    -0.02055
 0.01648    -0.02157
 0.01821    -0.02259
 0.02007    -0.02363
 0.02205    -0.02469
 0.02418    -0.02575
 0.02647    -0.02684
 0.02894    -0.02794
 0.03159    -0.02907
 0.03445    -0.03022
 0.03753    -0.03139
 0.04087    -0.03258
 0.04446    -0.03380
 0.04835    -0.03504
 0.05253    -0.03630
 0.05704    -0.03758
 0.06187    -0.03886
 0.06704    -0.04016
 0.07253    -0.04145
 0.07835    -0.04273
 0.08447    -0.04398
 0.09088    -0.04521
 0.09754    -0.04641
 0.10444    -0.04756
 0.11154    -0.04866
 0.11882    -0.04972
 0.12625    -0.05072
 0.13382    -0.05166
 0.14151    -0.05255
 0.14930    -0.05338
 0.15718    -0.05416
 0.16514    -0.05488
 0.17317    -0.05554
 0.18126    -0.05616
 0.18940    -0.05672
 0.19760    -0.05723
 0.20584    -0.05770
 0.21412    -0.05812
 0.22244    -0.05849
 0.23080    -0.05882
 0.23918    -0.05911
 0.24760    -0.05935
 0.25605    -0.05955
 0.26452    -0.05972
 0.27301    -0.05985
 0.28153    -0.05994
 0.29006    -0.06000
 0.29862    -0.06002
 0.30720    -0.06001
 0.31579    -0.05996
 0.32440    -0.05989
 0.33303    -0.05978
 0.34167    -0.05964
 0.35033    -0.05948
 0.35900    -0.05929
 0.36768    -0.05907
 0.37637    -0.05882
 0.38508    -0.05855
 0.39380    -0.05826
 0.40252    -0.05794
 0.41126    -0.05759
 0.42001    -0.05723
 0.42876    -0.05684
 0.43753    -0.05643
 0.44630    -0.05600
 0.45508    -0.05554
 0.46387    -0.05507
 0.47267    -0.05458
 0.48147    -0.05407
 0.49028    -0.05354
 0.49909    -0.05300
 0.50791    -0.05243
 0.51674    -0.05185
 0.52557    -0.05126
 0.53441    -0.05064
 0.54325    -0.05001
 0.55209    -0.04937
 0.56094    -0.04871
 0.56980    -0.04804
 0.57865    -0.04735
 0.58751    -0.04665
 0.59638    -0.04593
 0.60525    -0.04520
 0.61412    -0.04446
 0.62299    -0.04370
 0.63186    -0.04293
 0.64074    -0.04215
 0.64962    -0.04136
 0.65850    -0.04055
 0.66738    -0.03974
 0.67627    -0.03891
 0.68515    -0.03807
 0.69404    -0.03722
 0.70293    -0.03635
 0.71182    -0.03548
 0.72070    -0.03460
 0.72959    -0.03370
 0.73848    -0.03279
 0.74737    -0.03188
 0.75626    -0.03095
 0.76514    -0.03001
 0.77403    -0.02906
 0.78292    -0.02810
 0.79180    -0.02713
 0.80068    -0.02616
 0.80956    -0.02517
 0.81844    -0.02417
 0.82732    -0.02316
 0.83619    -0.02213
 0.84506    -0.02110
 0.85393    -0.02006
 0.86279    -0.01901
 0.87164    -0.01795
 0.88048    -0.01688
 0.88930    -0.01580
 0.89810    -0.01471
 0.90687    -0.01362
 0.91559    -0.01252
 0.92425    -0.01141
 0.93282    -0.01031
 0.94125    -0.00922
 0.94950    -0.00813
 0.95751    -0.00707
 0.96521    -0.00604
 0.97251    -0.00505
 0.97935    -0.00412
 0.98569    -0.00325
 0.99149    -0.00245
 0.99676    -0.00171
 1.00000    -0.00126
